#序 字 小韻序號 頁碼
1 臨 5 127
2 陵 5 127
3 朋 6 126/127
4 鵬 6 127
5 棚 6 127
6 鬅 6 127
7 淜 6 127
8 馮 6 127
9 彭 6 127
10 膨 6 127
11 盲 7 127
12 蝱 7 127
13 莔 7 127
14 甍 7 127
15 𣞑 7 127
16 萌 7 127
17 氓 7 127
18 甿 7 127
19 升 9 127/128
20 尊 9 128
21 橫 13 128
22 衡 13 128
23 璜 13 128
24 黌 13 128
25 彋 13 128
26 瑝 13 128
27 鍠 13 128
28 喤 13 128
29 宏 13 128
30 閎 13 128
31 紘 13 128
32 鈜 13 128
33 竑 13 128
34 谹 13 128
35 𧮯 13 128
36 肱 13 128
37 翃 13 128
38 𦐌 13 128
39 䍔 13 128
40 䡌 13 128
41 弘 13 128
42 宖 13 128
43 苰 13 128
44 鞃 13 128
45 降 13 128
46 訇 14 128
47 諻 14 128
48 渹 14 128
49 𤃫 14 128
50 薨 14 128
51 轟 14 128
52 輷 14 128
53 䎕 14 128
54 𦒃 14 128
55 𦑟 14 128
56 肱 16 128
57 厷 16 129
58 觥 16 129
59 觵 16 129
60 觪 20 129
61 騂 20 129
62 垶 20 129
63 雙 20 129
64 𢥠 20 129
65 艭 20 129
66 瀧 20 129
67 徵 22 128
68 誦 24 128
69 扃 29 129
70 坰 29 129
71 駉 29 129
72 冋 29 129
73 絅 29 129
74 頃 29 129
75 傾 29 129/130
76 瓊 30 130
77 藑 30 130
78 㷀 30 130
79 惸 30 130
80 𡞦 30 130
81 嬛 30 130
82 睘 30 130
83 禽 30 130
84 深 32 130
85 隂 34 130
86 應 34 130
87 榮 35 129
88 營 35 129
89 瀯 35 129
90 巆 35 129
91 塋 35 129
92 𤬐 35 129
93 瑩 35 129
94 蠑 35 129
95 醟 35 129
96 熒 35 129
97 螢 35 129
98 滎 35 129
99 嵤 35 129
100 濙 35 129
101 謍 35 129
102 禜 35 129
103 瀠 35 129
104 崩 2260 130
105 繃 2260 130
106 掤 2260 130
107 弸 2260 130
108 堋 2260 130
109 輣 2260 130
110 邦 2260 130/131
111 垹 2260 131
112 祊 2260 131
113 篣 2260 131
114 榜 2260 131
115 彭 2260 131
116 絣 2260 131
117 帡 2260 131
118 伻 2260 131
119 抨 2260 131
120 旁 2260 131
121 傍 2260 131
122 騯 2260 131
123 趽 2261 131
124 搒 2261 131
125 烹 2261 131
126 亨 2261 131
127 磅 2261 131
128 軿 2261 131
129 澎 2261 131
130 滂 2261 131
131 砰 2261 131
132 硑 2261 131
133 匉 2261 131
134 怦 2261 131
135 軯 2261 131
136 駍 2261 131
137 閛 2261 131
138 荓 2261 131
139 厔 36 173
140 試 38 173
141 哉 44 173
142 災 44 173
143 玆 44 173
144 珮 51 173/174
145 尤 53 174
146 郵 53 174/175
147 訧 53 175
148 肬 53 175
149 易 53 175
150 又 53 175
151 怠 53 175
152 牛 53 175
153 圍 53 175
154 違 53 175
155 裘 54 175
156 喜 55 199
157 哀 56 175/176
158 賁 59 176
159 才 61 176
160 財 61 176
161 裁 61 176
162 斯 62 199
163 思 62 199
164 私 62 199
165 哉 64 199
166 臺 67 176
167 能 68 174
168 來 70 176
169 萊 70 176
170 霾 70 176
171 埋 70 176
172 龜 71 176/177
173 喈 71 177
174 階 71 177
175 湝 71 177
176 嘉 71 199
177 歌 71 199
178 甄 71 199
179 丘 72 176
180 謀 74 174
181 媒 74 174
182 梅 74 174
183 枚 74 174
184 鉤 82 223
185 據 82 223
186 杯 82 223
187 舍 87 223
188 騢 87 223
189 豭 87 223
190 霞 87 223
191 瑕 87 223
192 遐 87 223
193 州 88 223
194 洲 88 223
195 幕 96 247
196 瓜 107 247
197 車 107 247
198 家 107 247
199 姱 108 247
200 牙 110 247
201 瑕 110 247/248
202 娛 110 248
203 素 113 248
204 華 116 248
205 溥 116 248
206 懷 150 284
207 壞 150 284/285
208 淮 150 285
209 盧 155 285
210 劑 162 285
211 賠 168 285
212 備 168 285
213 正 176 318
214 診 176 318
215 先 181 318
216 千 182 318
217 命 188 318
218 疧 188 318/319
219 田 189 319
220 甸 189 319
221 淵 191 319
222 衣 191 319
223 慍 192 319
224 蔚 192 319
225 尹 194 319
226 輑 195 319
227 龜 195 319
228 艱 196 319
229 鰥 196 319
230 旂 196 319/320
231 賢 198 320
232 壎 200 320
233 埍 200 320
234 煇 200 320
235 兄 200 320
236 川 204 320
237 敦 205 320
238 遯 227 320
239 蕃 249 336
240 皤 249 336
241 蠻 250 336
242 嘽 255 336
243 宣 258 336
244 漢 259 336
245 生 290 379
246 辛 290 379
247 新 290 379/380
248 珊 290 380
249 山 290 380
250 訕 290 380
251 吞 291 380
252 淺 293 380
253 津 293 380
254 殘 294 380
255 班 295 380
256 斑 295 380
257 奔 295 380/381
258 半 295 381
259 蠻 297 381
260 曼 297 381
261 漫 297 381
262 慢 297 381
263 縵 297 381
264 槾 297 381
265 門 297 381
266 媔 297 381
267 嘽 298 381
268 難 300 381
269 瀾 301 381
270 蘭 301 381/382
271 鄰 301 382
272 潾 301 382
273 鑾 301 382
274 閒 302 382
275 蕑 302 382
276 澗 302 382
277 姦 302 382
278 姧 302 382
279 艱 302 382
280 干 302 382
281 豻 302 382
282 奸 302 382
283 菅 302 382/383
284 刊 303 383
285 衍 305 383
286 垠 305 383
287 安 306 383
288 遠 311 383
289 唌 313 383
290 憲 320 383
291 顯 320 383
292 番 320 383
293 蕃 320 383
294 純 327 380
295 仝 327 380
296 展 329 383
297 頑 332 383
298 寬 333 383
299 瓊 334 383/384
300 角 360 432
301 嘉 389 449
302 珈 389 449
303 儀 394 449
304 義 394 449
305 宜 394 449
306 嗟 396 450
307 罹 401 450
308 縭 401 450
309 離 401 450
310 籬 401 450
311 化 407 449
312 爲 407 449
313 皮 410 450
314 罷 410 450
315 繁 410 450
316 靡 411 450
317 苴 414 463
318 齟 418 463
319 塗 420 463
320 雅 427 463
321 吾 428 463
322 仿 447 505
323 㑂 447 505
324 怲 447 505
325 瞻 457 505
326 讓 459 505
327 壤 459 506
328 嚴 463 506
329 卿 468 506
330 京 469 506
331 英 471 506
332 盟 482 506
333 莔 482 506
334 氓 482 506
335 甿 482 506
336 盲 482 506
337 抗 488 506
338 伉 488 506
339 羹 488 506
340 刑 490 506
341 形 490 506
342 衡 490 507
343 兄 492 507
344 貺 492 507
345 觥 493 507
346 橫 494 507
347 兵 495 507
348 陶 560 580
349 臭 563 581
350 九 566 581
351 六 570 581
352 集 574 581
353 就 574 581
354 濡 576 581
355 孚 579 581
356 朴 579 581
357 茅 591 581
358 譨 598 581/582
359 朁 599 597
360 男 614 597/598
361 躳 617 598
362 風 2264 598
363 楓 2264 598
364 闇 631 610
365 陰 631 610
366 蚌 674 10
367 蜯 674 10
368 猛 675 10/11
369 艋 675 11
370 蜢 675 11
371 礦 2265 11
372 鑛 2265 11
373 𨥥 2265 11
374 𥐫 2265 11
375 穬 2265 11
376 獷 2265 11
377 懭 2265 11
378 䵃 2265 11
379 丱 2265 11
380 䣙 2266 11
381 傰 2266 11
382 在 692 32
383 友 702 32
384 有 702 32
385 右 702 32
386 殆 702 32
387 怠 702 32
388 海 712 32
389 晦 712 32
390 悔 712 32
391 駭 712 32/33
392 𣦾 718 42
393 提 719 42
394 采 721 42
395 久 726 32
396 偕 726 32
397 母 729 42/43
398 畝 729 43
399 寫 738 56
400 者 740 56
401 庶 740 56
402 馬 750 71
403 旅 759 71
404 寡 763 71
405 暇 764 71
406 大 796 78
407 角 967 148
408 大 1001 157
409 景 1088 182
410 老 1141 206
411 懰 1141 206
412 綹 1141 206
413 考 1144 206/207
414 栲 1144 207
415 軌 1146 207
416 簋 1146 207
417 道 1149 207
418 好 1157 207
419 保 1162 207
420 飽 1162 207
421 埽 1164 207
422 造 1165 207
423 禱 1167 207/208
424 食 1273 33
425 宵 1580 168
426 繡 1580 168
427 綃 1580 168
428 虐 1586 168
429 可 1638 185
430 地 1646 185
431 梁 1703 212
432 褥 1801 240
433 六 1808 240
434 椓 1906 30/31
435 垢 1907 30
436 日 1933 58
437 昔 2085 128
438 的 2094 127/128
439 客 2102 128
440 斁 2116 128
441 厝 2151 177
442 來 2153 176/177
443 暨 2166 176
444 杓 2171 177
445 來 2174 176/177
