#序 字 小韻序號 頁碼 洪武正韻字義 對應廣韻小韻號
1 菄 1 131  1
2 𤟈 1 131  
3 苳 1 131  35
4 狪 2 131/132  
5 痌 2 132  29
6 䴀 3 132  2
7 㼧 3 132  2
8 佟 3 132  36
9 䳋 3 132  36
10 蕫 3 132  2
11 蠪 4 132  
12 龓 4 132  
13 鸏 7 132  23
14 礞 7 132  
15 𩦺 7 132  23
16 鄸 7 132  
17 氋 7 132  
18 䲛 7 132  
19 𪈆 7 132  
20 窗 8 132  
21 蟌 8 132  
22 𪖁 8 133  
23 䗥 8 133  
24 牎 8 133  
25 㙡 10 133  
26 瞛 10 133  
27 篊 13 133  
28 葒 13 133  25
29 蔊 14 133  
30 寷 18 133  18
31 𩡫 18 133  
32 𨝭 19 133  16
33 漨 19 133  59
34 倯 20 133  66
35 𩅞 21 133  
36 鼨 22 133/134  5
37 𧑄 22 134  5
38 幒 22 134  
39 蔠 22 134  5
40 𨹁 25 135  
41 榕 26 135  
42 褣 26 135  50
43 傛 26 135  50
44 褮 26 135  
45 嵱 26 135  50
46 䈶 26 135  50
47 䗤 26 135  50
48 滽 26 135  50
49 鰅 26 135/136  53
50 鰫 26 136  
51 匑 28 136  10
52 䢼 28 136  65
53 𢀜 28 136  
54 𦵡 29 136  14
55 蕽 31 136  
56 㔮 35 136  
57 𧣄 36 177  
58 觗 36 177  87
59 䧴 36 177  87
60 荎 36 177  
61 𧹛 36 177  
62 䗐 38 177  118
63 鸍 38 177  118
64 𪓿 38 178  118
65 蟴 42 178  119
66 蜤 42 178  119
67 鼶 42 178  119
68 禗 42 178  190
69 鰦 44 177  206
70 鮨 44 177  
71 𩺅 44 177  
72 鯔 44 177  
73 蟕 44 177  
74 胔 45 177  113
75 薋 45 178  153
76 鼅 46 178  124
77 䵹 46 178  124
78 齝 47 178  202
79 郗 47 178  151
80 瞝 47 178  
81 茬 48 178  
82 䶵 48 178  126
83 𨒈 48 178  
84 鉟 49 179  176
85 蓖 50 178/179  302
86 螕 50 179  302
87 萆 50 179  302
88 犤 50 179  
89 阰 51 179  147
90 魾 51 179  175
91 蜱 51 179  117
92 鮍 51 179  
93 粃 51 179  
94 秕 51 179  
95 麊 52 179  122
96 𥹆 52 179  
97 爢 52 179  
98 攠 52 179  
99 柂 53 179  88
100 箷 53 179  88
101 𧔥 53 179/180  
102 艤 53 180  
103 迻 53 180  88
104 𧰙 54 180  218
105 𢁒 54 180  
106 碁 54 180  192
107 藄 54 180  192
108 丌 54 180  192
109 亓 54 180  192
110 釿 54 180  
111 鬿 54 180  
112 狋 54 180  
113 玂 54 180  218
114 蚚 54 180  218
115 鲯 54 180  
116 霼 55 180  
117 莃 55 180  220
118 狶 55 180  
119 𣚘 55 180  
120 橀 55 180  307
121 羛 55 180/181  106
122 靉 56 180  
123 蜰 59 181  216
124 𩇯 60 181  
125 猆 60 181  215
126 婓 60 181  214
127 䮺 61 199  
128 櫅 61 199  
129 𩐋 64 199  
130 䱱 67 199  
131 蝭 67 199  301
132 鮷 67 199  301
133 鯷 67 199/200  301
134 猊 69 200  306
135 鵹 70 200  112
136 剺 70 200  198
137 𪅆 70 200  112
138 樆 70 200  112
139 鱺 70 200  
140 𩴪 71 200  
141 𧗇 71 200  219
142 飢 71 200  149
143 㚻 71 200  
144 榿 72 200  
145 𠁭 72 200  
146 榽 72 200  
147 枍 72 200  
148 蒵 72 200/201  
149 𧍪 77 224  250
150 𦺍 78 224  
151 堬 78 224  261
152 𧱬 78 224  
153 䳜 78 224  
154 狳 78 224  231
155 䬔 78 224  
156 螸 78 224  261
157 謣 78 224  253
158 睮 78 224  
159 姁 80 224  254
160 昫 80 224  
161 蓲 80 224  
162 欨 80 224  254
163 嶇 81 224  262
164 䧢 81 224  262
165 魼 81 224  246
166 鰸 81 225  262
167 魖 81 225  
168 翑 83 225  255
169 葋 83 225  255
170 躣 83 225  255
171 斪 83 225  255
172 泃 83 225  
173 楈 84 225  232
174 蝑 84 225  232
175 䱬 84 225  232
176 葅 85 225  
177 忬 87 225  
178 櫧 88 225  242
179 鴸 88 225/226  
180 鼄 88 226  258
181 藷 89 225  
182 茱 90 226  260
183 蒘 91 226  244
184 𩶯 91 226  
185 薷 91 226  
186 絮 91 226  
187 䕡 94 226  241
188 糢 96 249  
189 抪 97 249  
190 柤 99 249  
191 鵌 103 249/250  282
192 鷵 103 250  282
193 筡 103 250  282
194 蒤 103 250  282
195 臚 104 250  287
196 𧇄 104 250  287
197 𤴅 104 250  
198 衚 106 250  
199 魱 106 250  280
200 菰 107 250  281
201 篐 107 250  
202 汙 112 250/251  290
203 污 112 251  290
204 甦 113 251  288
205 𤕠 115 251  
206 尃 116 251  269
207 麩 116 251  269
208 䴸 116 251  
209 荴 116 251  
210 𩿧 116 251  271
211 䱐 116 251  269
212 𩵩 116 251  271
213 芙 117 251  266
214 䵾 117 251  
215 蟱 117 251/252  
216 胕 117 252  
217 莁 117 252  
218 稭 119 262  340
219 鶛 119 262  340
220 佳 119 262/263  323
221 㾩 122 263/264  344
222 褱 123 263  345
223 茈 126 263  329
224 厓 130 263  333
225 閡 133 263  
226 唉 135 263  385
227 獃 135 263  
228 溰 136 263  
229 擡 138 263  386
230 淶 140 263  389
231 崍 140 263  389
232 鶆 140 263  389
233 鳃 141 263  
234 毸 141 263  
235 𤟤 145 285  212
236 隓 145 285  94
237 䮝 145 285  
238 楎 145 285  212
239 鰴 145 285  212
240 𩳁 145 285  
241 釁 145 285  
242 盔 146 285/286  365
243 瓌 146 286  
244 茥 149 286  316
245 嫢 149 286  
246 𢅨 149 286  
247 茴 150 286  367
248 蘹 150 286  
249 鮠 151 286  379
250 藬 154 287  
251 蘈 154 287  371
252 礧 155 286  
253 盃 157 286  377
254 脄 159 286  368
255 糜 159 286  
256 爢 159 286/287  
257 黴 159 287  
258 𩽌 162 287  
259 惢 163 287  
260 荾 164 287  168
261 䘒 164 287  
262 眭 164 287  127
263 湀 166 287  
264 揆 166 287  
265 𩷩 179 321  
266 䰠 179 321  
267 邠 186 321  432
268 𤵤 188 321  
269 鴖 188 321  
270 蔯 189 321  
271 獜 190 321/322  412
272 𧲂 190 322  412
273 麐 190 322  412
274 囦 191 322  
275 珚 191 322  
276 篔 194 322  456
277 堇 197 322  413
278 蓳 197 322  413
279 葝 197 322  
280 圁 198 322  423
281 䴦 198 322  
282 䵫 200 322  
283 忻 202 322  464
284 訢 202 322/323  464
285 䡅 204 322  435
286 萅 204 322  445
287 芚 204 322  
288 唇 205 323  440
289 䞭 207 322  
290 鳼 211 323  455
291 𣁓 211 323  
292 鴍 211 323  
293 闅 211 323  455
294 閿 211 323  
295 妢 212 323  
296 蚠 212 323  
297 魵 212 323  
298 錕 215 323  484
299 騉 215 323  484
300 箟 215 323  
301 鶤 215 323  484
302 䖵 215 323  484
303 榲 216 323  
304 葐 221 323/324  495
305 薞 223 324  
306 邨 224 324  493
307 繜 225 324  488
308 鯩 228 324  
309 兟 231 321  453
310 㜪 231 321  453
311 籸 231 321  453
312 䭀 231 321  
313 鶾 237 336  507
314 邗 237 336  507
315 馯 237 336  
316 番 247 336  537
317 𢬵 247 336  
318 䈲 248 336  538
319 䰉 249 336/337  535
320 跘 249 337  
321 䃲 249 337  
322 鰻 250 337  536
323 鞔 250 337  536
324 鬗 250 337  536
325 鬘 250 337  
326 巑 253 337  529
327 𧤗 254 337  524
328 褍 254 337  524
329 歂 255 337  
330 臠 257 337  531
331 捖 258 337  522
332 梡 258 337  522
333 雚 258 337  
334 熯 259 338  
335 渜 2262 337  
336 濡 2262 337  521
337 𦙱 260 349  
338 疝 260 349  554
339 貫 263 349/350  
340 䍺 264 350  543
341 癇 266 350  
342 葌 266 350  547
343 籣 2276 350  518
344 𩐏 282 350  
345 緐 282 350  471
346 癉 284 350  509
347 㨏 285 350  513
348 癱 285 350  
349 潬 285 350  513
350 拴 289 350  
351 帴 293 384  578
352 𣝕 293 384  578
353 馢 293 384  
354 𣚙 293 384  578
355 楄 295 384  
356 矏 297 384  
357 𠑘 298 384  586
358 槙 298 384  586
359 𧰊 298 384  
360 搷 298 384  
361 沺 299 384  584
362 鷏 299 384  584
363 怜 301 384  583
364 謰 301 384  
365 鰱 301 384  613
366 菺 302 384  580
367 鳽 303 384  
368 胘 303 384  
369 痃 303 384/385  
370 癎 303 385  
371 䗡 306 385  
372 囦 311 385  591
373 菀 311 385  
374 𤓉 312 385  602
375 𤡮 312 386  602
376 蟤 317 385  
377 𧔊 317 385  611
378 膞 317 385  
379 僴 320 385  
380 藼 320 385  
381 𡿕 320 385  
382 𩺇 321 385  
383 魮 322 385  
384 鄟 329 385  630
385 塼 329 385  
386 晅 331 385  
387 蘐 331 386  
388 𧻚 332 386  470
389 榬 332 386  470
390 厵 332 386  469
391 螈 332 386  
392 榞 332 386  469
393 蒝 332 386  469
394 櫞 332 386  623
395 蔨 333 386  
396 虇 334 386  
397 壦 334 386  
398 䃤 335 410  
399 𩾗 336 410  650
400 鼦 336 410  
401 𥮐 336 410  
402 芀 338 410  651
403 裯 338 410  
404 勠 339 410  
405 橑 339 410  653
406 㙩 339 410  653
407 尞 339 410  
408 儌 340 410  
409 憿 340 410  652
410 䳩 341 410  676
411 訞 341 410/411  680
412 幓 343 411  
413 鍬 343 411  679
414 𧝼 346 411  
415 檦 346 411  
416 蔈 346 411  671
417 螵 347 411  683
418 猫 349 411  675
419 調 352 411  
420 䚻 356 411  
421 榣 356 411  668
422 媱 356 412  668
423 䔄 356 412  668
424 窰 356 412  668
425 駣 356 412  
426 𣂥 356 412  
427 蕎 357 412  678
428 遽 357 412  
429 蟂 358 412  
430 鄡 358 412  
431 洨 359 433  687
432 洨 360 433  
433 凹 363 433  
434 𥓁 372 433  
435 嶩 372 433  721
436 蠔 373 433  
437 茠 374 433  709
438 䓘 375 433  707
439 蔜 377 434  718
440 璈 377 434  
441 螯 377 434  718
442 鰠 379 434  713
443 𦵩 381 434  717
444 𦩍 383 434  
445 䝁 386 434  708
446 蚵 390 450  
447 蚵 391 450  
448 𧒎 394 450  
449 䖸 394 450  
450 桫 395 450  728
451 矬 397 450  
452 𦹇 397 450  
453 㛗 397 450  
454 蒫 397 450  730
455 𦰿 398 450  727
456 堶 400 451  
457 欏 401 451  733
458 覶 401 451  
459 鸁 401 451  
460 蝌 404 451  754
461 稞 404 451  754
462 咼 405 451  
463 萵 405 451  
464 盉 406 451  753
465 菠 408 451/452  
466 䋣 410 452  
467 繁 410 452  743
468 蚾 410 452  
469 藦 411 452  
470 𪓹 412 463  766
471 羓 414 463  782
472 砂 416 463/464  784
473 硰 416 464  784
474 岔 417 464  
475 咱 420 464  
476 嗏 420 464  
477 垞 420 465  
478 𡧪 420 465  
479 痂 425 464  778
480 跏 425 464  778
481 鴐 425 464  778
482 鵶 427 464  781
483 樺 430 464  
484 蘤 430 464/465  775
485 窐 433 465  
486 他 2263 465  
487 𨲠 438 468  771
488 虵 440 468  772
489 椰 441 468  769
490 㭨 441 468  769
491 癿 442 469  
492 蚄 447 507  818
493 亾 449 507  822
494 莣 449 507/508  822
495 欀 450 508  819
496 葙 450 508  819
497 蘘 450 508  
498 蠰 450 508  
499 瑲 451 508/509  829
500 鎗 451 509  
501 蔏 455 508  809
502 薚 455 508  
503 孃 460 509  823
504 䉶 461 509  77
505 凉 466 509  807
506 䣼 466 509  807
507 茳 469 509  69
508 嵹 470 509  
509 柍 471 509  
510 𦴊 471 509/510  
511 蕩 475 510  
512 闛 475 510  837
513 蟷 476 510  839
514 㼕 476 510  839
515 𦵧 478 510  838
516 蒡 481 510  
517 硭 482 510  853
518 漮 487 510  843
519 魧 487 510  
520 𦱌 488 510  
521 枊 489 510  857
522 伉 490 511  
523 茪 493 510/511  846
524 珖 493 511  
525 餭 494 511  845
526 鍠 494 511  
527 垹 495 511  73
528 黽 500 553  
529 鄳 500 553  863
530 𥋝 500 553  
531 鯍 502 556  
532 䱭 502 556  
533 耾 504 553  
534 䍔 504 553  867
535 紭 504 553  
536 頩 510 553  
537 𧏑 510 553  
538 泙 510 556  875
539 榠 511 553  942
540 䫤 511 553  942
541 嫈 516 553  
542 蘡 516 553  913
543 譻 516 553  
544 瀯 517 553  
545 鎣 517 553/554  912
546 巆 517 554  
547 嶸 517 554  880
548 䱢 521 554  907
549 鸋 523 554  940
550 䔭 523 554  
551 薴 523 554  
552 砅 525 554  
553 宬 533 554  916
554 椉 533 554  
555 扔 533 554  
556 𦶝 533 554  
557 庱 534 554  966
558 蘦 535 554  939
559 羚 535 554  939
560 軨 535 554  939
561 孕 536 554/555  
562 桯 536 555  
563 鮏 540 555  937
564 楟 543 555  934
565 蝏 543 555  
566 艇 543 555  
567 聤 543 555  934
568 葶 543 555  934
569 𧶺 543 555  
570 䔲 550 555/556  969
571 䆸 550 556  
572 㡠 550 556  
573 撑 550 556  
574 蚘 560 582  
575 舀 560 582  990
576 揄 560 582  990
577 蚰 560 582  990
578 惆 561 583  995
579 糺 565 582  
580 糾 565 582  
581 摎 565 582/583  
582 莍 566 583  1014
583 梂 566 583  1014
584 朹 566 583  1014
585 璆 566 583  
586 犰 566 583  1014
587 峳 567 583  
588 盩 568 583  1013
589 𢎥 568 583  
590 椆 568 583  
591 修 571 583  994
592 鱃 571 583  
593 𪓰 572 583  989
594 鶔 576 583  1000
595 傁 577 583  
596 䱸 577 583/584  
597 瞍 577 584  
598 凁 577 584  
599 黀 578 584  1008
600 琈 579 584  1015
601 衃 579 584  
602 𧉈 579 584  
603 芤 587 584  
604 吽 588 584  
605 勾 589 584  1028
606 蟱 591 584  
607 母 591 584  
608 酘 596 584/585  
609 㢏 596 585  1026
610 䱾 597 585  1020
611 獳 598 585  1019
612 蕁 600 598  
613 燅 600 598  
614 樳 600 598  1046
615 羬 602 598  
616 𪈁 602 598  1049
617 荏 604 599  
618 𦺭 605 598  
619 蓡 605 598  1067
620 𥥍 605 599  
621 穼 605 599  1067
622 梣 607 599  1068
623 𧷉 607 599  
624 鷣 611 599  1055
625 䬓 613 599  
626 䔷 618 599  1061
627 橝 620 610  1072
628 𧂇 620 610  
629 湛 622 610  1081
630 嵾 626 610  
631 坩 629 611  1092
632 甝 630 610  1095
633 蜬 630 610  1076
634 菴 631 610/611  1075
635 憨 637 611  
636 鏨 641 611  1141
637 釤 644 611  
638 煔 644 611  
639 糝 644 611  
640 獑 645 611  
641 䆎 648 620/621  
642 𧔷 648 621  
643 䕭 652 621  
644 撏 656 621  
645 薟 658 621  1100
646 粘 661 621  1109
647 菾 665 621  1126
648 稴 668 620  1130
649 竉 673 11/12  1167
650 䎧 674 11  
651 𦂌 681 11  
652 涌 687 12  1180
653 𧗴 687 12  1180
654 訩 688 12  1185
655 哅 688 12  
656 𨑊 690 12  1165
657 從 691 11  
658 𢇨 692 33  
659 帋 692 33  1200
660 觗 692 33  
661 恉 692 33  1251
662 歭 693 33  1298
663 偫 693 33  
664 虸 697 33  1302
665 屎 698 33  1261
666 蟻 702 33  1215
667 疑 702 33  
668 孴 702 33  1304
669 𦗕 704 33  
670 毦 704 33/34  
671 佴 704 34  
672 柀 705 34  1203
673 㠲 707 34  
674 凖 713 34  
675 榧 714 34  1316
676 棑 714 34  
677 芛 2267 34  1239
678 𧲈 2267 34  
679 屣 718 43  
680 菧 719 43  
681 逓 720 43  1398
682 𩽵 722 43  1393
683 苨 724 43  1399
684 庪 726 43  
685 葞 729 43  1227
686 鄦 732 56  1336
687 榘 733 56  1369
688 岠 735 56  
689 齟 736 56  
690 鉏 736 56  
691 岨 736 56  
692 宔 740 56  1362
693 翥 740 56  
694 煑 740 56/57  1328
695 炷 740 57  1362
696 謱 743 57  1371
697 㐨 748 57  
698 鉧 750 71  
699 鈷 763 71  1380
700 𦍩 763 71  1380
701 芐 764 71  1389
702 牾 766 71  
703 忤 766 71  
704 齼 769 71  1339
705 娒 772 71  
706 娬 772 71  1355
707 崽 777 78  
708 蕒 780 78  1410
709 閡 789 78  
710 唉 791 78  1459
711 䐆 792 78  
712 㛋 797 78  
713 㚷 797 78  1413
714 奶 797 78  1413
715 薳 799 88  
716 瑋 799 88  
717 寪 799 88  
718 渼 802 88  
719 莓 802 88  
720 黣 802 88  
721 蘽 806 88  1267
722 蕾 806 88  1430
723 脮 808 88  1438
724 𤠢 2280 88  
725 檓 2280 88  1205
726 䣀 2281 88  1208
727 螝 2281 88  
728 觤 819 88  1208
729 𧦽 820 103  
730 㐱 820 103  1466
731 荵 822 103  1469
732 䏰 822 103  
733 蕈 825 103  
734 燼 825 103  
735 藎 825 103  
736 儘 825 103  
737 嬧 825 103  
738 絼 830 103  
739 朕 830 103/104  
740 慜 831 104  1481
741 忞 831 104  1481
742 𧯷 832 104  1508
743 捃 833 104  
744 攈 833 104  
745 莙 833 104  1479
746 𦚧 836 104  1488
747 瞂 837 104  
748 笋 838 104  1486
749 坌 841 104  1501
750 蘟 845 104  
751 蔩 845 104  
752 諢 850 104  
753 輥 850 104  
754 𧞢 850 104  
755 渾 852 104  
756 怎 858 104  
757 庉 860 104  1537
758 𥫱 860 104  1537
759 赶 869 109  
760 趕 869 109  
761 晥 870 109  1561
762 腕 871 109  
763 掔 871 109  
764 𢫪 871 109  
765 脘 873 109  1566
766 悹 873 109  1566
767 𨇰 879 109  
768 㯆 883 115  
769 坂 889 115  
770 輚 893 115  
771 揀 894 115  1595
772 鍌 905 131  
773 尠 905 131  1619
774 赻 905 131  
775 𥾝 908 131/132  
776 捵 910 132  
777 錪 910 132  1603
778 蠒 914 132  1607
779 鋧 915 132  
780 軟 928 132  1647
781 𤲬 928 132  1647
782 壖 928 132  
783 檽 928 132  
784 𦳾 928 132  
785 蜆 932 132  
786 𤟇 932 132  
787 碾 933 132  
788 𢷘 938 132  1628
789 攓 938 132  
790 觠 941 132  
791 𪂧 943 132  
792 筱 946 139  1664
793 葽 952 139  1670
794 鴢 952 139  1670
795 緲 965 139  1686
796 蓩 970 149  1726
797 䓮 970 149  1726
798 泖 970 150  1703
799 麨 972 149  
800 昦 978 149  1713
801 澔 978 149  1713
802 芺 982 149  1728
803 𠤏 983 149  1727
804 駂 983 149  1727
805 𦺋 985 149  1719
806 艸 986 149  1721
807 導 991 149/150  
808 䳓 992 150  
809 岢 995 157  1742
810 𧴪 1013 157  1747
811 𩒜 1015 158  
812 刴 1015 158  
813 㙐 1015 158  
814 䤻 1016 157  
815 卵 1017 158  1753
816 瑪 1019 165  
817 媽 1019 165  
818 鮺 1021 165  
819 𧨿 1021 165  
820 耍 1023 165  
821 傻 1023 165  
822 殺 1023 165/166  
823 榎 1024 166  
824 㿿 2284 166  
825 冎 1031 166  1785
826 撻 1033 166  
827 那 2268 166  
828 厙 1039 171  
829 扯 1041 171  1791
830 壄 1042 171  1766
831 乜 1042 171  
832 倆 1049 182  
833 仉 1055 182  1809
834 塽 1056 182  1810
835 𥗝 1060 182  1817
836 訪 1063 182/183  
837 鶭 1063 183  1819
838 菵 1064 183  1820
839 瓽 1071 183  
840 欓 1071 183  1841
841 榔 1091 183  1842
842 烺 1091 183  
843 謊 2269 183  
844 怳 2269 183  1824
845 昺 1100 193  
846 㨀 1100 193  
847 䗒 1101 193/194  
848 矎 1103 194  
849 扃 1103 194  
850 竟 1112 194  
851 蟼 1112 194  1857
852 阱 1121 194  
853 𪊶 1127 194  
854 䱓 1127 194  
855 箒 1136 208  1949
856 鯞 1136 208  1949
857 㺲 1142 208  
858 莥 1142 208  1929
859 㱙 1144 208  1932
860 鯦 1147 208  
861 鈄 1148 208  1959
862 䘀 1153 208  1937
863 媍 1153 208  1937
864 蝜 1153 208  1937
865 𧌈 1153 208  1937
866 𠙶 1156 208  
867 垕 1156 208  1955
868 毆 1160 208  1967
869 𥈃 1164 208  1964
870 簇 1165 208  
871 㾛 1168 212  1977
872 伈 1177 212  1981
873 鱤 1185 218  2005
874 贛 1185 218  2005
875 贑 1185 218  2005
876 𧆐 1185 218  2005
877 竷 1188 218  2015
878 埳 1188 218  2015
879 顉 1190 218/219  2012
880 薝 1201 219  
881 蜑 1201 219  
882 卵 1203 219  
883 橄 1204 219  2020
884 湳 2270 219  2008
885 𢒉 1216 225  
886 鹼 1221 225  
887 嗛 1223 225  
888 蕇 1227 225  
889 凇 1232 9  2092
890 䍶 1237 9  2096
891 梇 1240 9  2095
892 蚌 1247 9  
893 𡿻 1249 9  
894 痣 1260 33  2251
895 菑 1260 33  
896 翄 1262 33  
897 峙 1264 33  
898 咶 1264 33  
899 㳿 1275 33  
900 碣 1277 33  
901 睥 1278 33  2378
902 埤 1278 33  
903 𣖾 1280 34  2207
904 嚊 1285 34  
905 猗 1286 33  
906 𨚓 1288 33/34  
907 櫠 1288 34  
908 獙 1292 34  
909 傺 1295 46  
910 揥 1300 46  
911 髢 1302 46  2365
912 蒞 1303 46  2213
913 䓞 1304 46  2380
914 鱀 1308 46  
915 尼 1309 46  
916 妮 1309 46  
917 䛏 1309 46  
918 蒾 1311 46  
919 鋊 2288 56  
920 𧉧 1316 56  
921 炬 1317 56  
922 豦 1317 57  2293
923 薯 1324 56  2296
924 豎 1324 56/57  
925 櫡 1327 56  
926 酗 1328 56  2323
927 儢 1329 57  
928 埠 1334 69  
929 秺 1341 69  2345
930 妬 1341 69  2345
931 戽 1347 69  2359
932 崓 1349 69  
933 堌 1349 69  
934 圬 1350 69  
935 齼 1353 69  
936 㐲 1358 85  2427
937 䠠 1359 85  
938 襶 1359 85  
939 𩓃 1362 85  
940 褦 1364 85  
941 佴 1364 85  2538
942 侅 1368 85  
943 尬 1377 85  2475
944 喝 1378 85  
945 暍 1378 85  
946 䤨 1381 85/86  
947 憊 1383 86  2485
948 祋 1384 86  
949 帥 1386 86  
950 率 1386 86  
951 廌 1388 86  
952 傺 1389 86  
953 薢 1391 86  
954 獬 1391 86  
955 𨓆 1395 106  
956 𢓴 1395 106  2518
957 𨑧 1395 106  
958 𢓇 1395 106  
959 備 1398 106  
960 㔨 1398 106  
961 𩗗 1399 106  
962 䉋 1400 107  
963 脆 1403 107  2390
964 炅 1411 107  2376
965 昋 1411 107  2376
966 炔 1411 107  2376
967 猬 1416 107  2277
968 媦 1416 107  2277
969 娠 1430 123  2551
970 䏰 1433 123  
971 㶏 1437 123  2593
972 櫽 1437 123  2593
973 𦚉 1438 123  
974 囟 1441 124  2552
975 璡 1446 123  
976 趁 1452 123  2569
977 𤘝 1462 124  
978 奞 1462 124  
979 韵 1467 124  2582
980 笨 1472 123  
981 盆 1472 123  
982 睔 2271 123/124  2620
983 涆 1483 133  
984 片 1495 133  
985 幕 1497 133  
986 䔉 1498 133  
987 𪙨 1506 142  
988 𤡟 1509 141  
989 輚 1514 141  2680
990 雁 1527 141/142  2669
991 挽 1536 142  
992 簟 1544 159  
993 䥖 1544 159  
994 䜌 1546 159  2733
995 鋧 1547 159/160  
996 晵 1575 160  2719
997 勌 1576 160  
998 𨚕 1578 160  
999 辨 1578 160  2738
1000 犿 1578 160  
1001 蓼 1584 168  
1002 撽 1587 168  
1003 峭 1590 168  2778
1004 𥛲 1591 168  2782
1005 趭 1591 168  
1006 誚 1591 168  
1007 佋 1595 168  
1008 慓 1599 168  2775
1009 顜 1607 178  
1010 礮 1610 178  2797
1011 怮 1611 178  
1012 𪃑 1613 178  
1013 邈 1613 178  
1014 箌 1616 178  
1015 棹 1618 178  2800
1016 皓 1621 178  
1017 皥 1621 178  
1018 昊 1621 178  
1019 顥 1621 178  
1020 灝 1621 178  
1021 鎬 1621 178  
1022 鄗 1621 178  
1023 滈 1621 178  
1024 薃 1621 178  
1025 鰝 1621 178  
1026 浩 1624 178  
1027 造 1631 178/179  
1028 套 2272 179  
1029 𧟌 1643 185  2829
1030 做 1645 185  
1031 糯 1647 185  
1032 銼 1652 185  
1033 殺 1662 193/194  
1034 榨 1663 193  2866
1035 䖳 1665 193  
1036 䱹 1665 193  
1037 駱 1669 193  
1038 杹 1674 194  2882
1039 罫 1676 193  
1040 大 2273 193  
1041 鷓 1678 198  2875
1042 蹠 1678 198  
1043 跖 1678 198  
1044 這 1678 198  
1045 厙 1682 198  2877
1046 䠶 1683 198  2878
1047 㖡 1684 198  
1048 𣗹 1686 212  
1049 殤 1691 212  
1050 丈 1702 212  
1051 潢 1708 213  
1052 簜 1711 212  
1053 璗 1711 212  
1054 骯 1721 212  
1055 境 1737 227  
1056 傹 1737 227  
1057 謦 1743 227  
1058 猙 1761 227  
1059 𩇕 1761 227  
1060 䱭 1782 227  
1061 柩 1790 241  3042
1062 福 1791 241  
1063 㨽 1791 241  
1064 鍑 1791 241  3047
1065 殠 1798 240  3038
1066 受 1800 241  
1067 醻 1800 241  
1068 褥 1801 241  
1069 瘤 1808 241  3049
1070 廖 1808 241  3049
1071 垕 1810 241  
1072 滱 1812 241  3064
1073 𧥣 1812 241  
1074 鄮 1814 242  3065
1075 嶁 1821 241  
1076 瘻 1821 241  3076
1077 檽 1822 241  
1078 㝅 1824 241  3074
1079 彀 1824 241/242  
1080 搆 1824 242  3074
1081 夠 1824 242  
1082 够 1824 242  
1083 雊 1824 242  3074
1084 呴 1824 242  
1085 𥿌 1825 242  
1086 恁 1839 246  
1087 贑 1845 251  
1088 贛 1845 251  3105
1089 𨣨 1855 251  3119
1090 鏨 1862 251  
1091 㨻 1862 251  
1092 賺 1862 251  
1093 懺 2274 251  3170
1094 贉 2275 251  3111
1095 燄 1865 255  3128
1096 譫 1871 255  
1097 殮 1873 255  3137
1098 𡍦 1885 31  
1099 蚞 1892 31  3199
1100 潚 1893 31  
1101 飂 1893 31  
1102 玊 1893 31  
1103 蓿 1893 31  
1104 哫 1895 31  
1105 豄 1898 31  3184
1106 瑇 1898 31  3230
1107 蝳 1898 31  3230
1108 𨔵 1899 31  
1109 螰 1899 31  3191
1110 㼾 1899 31  3191
1111 樚 1899 31  3191
1112 樛 1899 31  
1113 㨽 1900 31  
1114 复 1900 31  3221
1115 茯 1901 31  3201
1116 搐 1903 31  
1117 鄐 1903 32  
1118 鮛 1903 32  3214
1119 脩 1903 32  
1120 擉 1904 32  
1121 豖 1904 32  3265
1122 欘 1906 32  3257
1123 椈 1907 32  3205
1124 䱡 1907 32  3205
1125 檋 1907 32  
1126 蒮 1910 32  3209
1127 䉛 1911 32  3222
1128 鱁 1914 32  3204
1129 晊 1921 58  3285
1130 瓆 1921 58  
1131 鮅 1931 58/59  3306
1132 𢁽 1931 59  
1133 蓽 1931 59  3306
1134 鞸 1931 59  
1135 汨 1933 59  
1136 䤉 1933 59  3305
1137 蔤 1933 59  3313
1138 峚 1933 59  
1139 𡶇 1933 59  3313
1140 鵯 1934 59  
1141 卑 1934 59  
1142 眤 1937 59  
1143 䵒 1937 59  3294
1144 䵑 1937 59  3294
1145 鴩 1939 59  
1146 䳀 1939 59  3295
1147 鮚 1942 59  
1148 扢 1943 59  
1149 𦮠 1947 59  
1150 葎 1954 59  3329
1151 欥 1955 59/60  3326
1152 镼 1962 60  
1153 𩭪 1962 60  
1154 劂 1962 60  
1155 𩰪 1965 60  3342
1156 𩷚 1967 60  
1157 貀 1972 60  
1158 鶌 1980 60  
1159 阢 1982 60  
1160 齃 1988 67  3396
1161 靺 1989 67  3407
1162 袜 1989 67/68  3407
1163 茉 1989 68  
1164 姡 1993 68  
1165 醱 1996 68  
1166 莌 2001 68  3420
1167 鮵 2001 68  
1168 辣 2011 76  3397
1169 䱻 2016 76  3429
1170 貀 2021 76  3433
1171 𤜽 2021 76  
1172 𩂪 2034 99  
1173 齛 2034 99  3491
1174 齥 2034 99  
1175 蛣 2036 99  
1176 鮚 2036 99  
1177 圿 2036 99  
1178 镼 2037 99  
1179 鮤 2041 99  3492
1180 鱴 2047 99  3482
1181 杰 2048 99/100  3494
1182 嵑 2048 100  
1183 䨮 2051 100  3505
1184 蠽 2057 100  
1185 嚞 2067 100  3493
1186 凸 2073 100  3476
1187 佚 2073 100  
1188 𤅢 2077 128  3540
1189 觷 2078 128  3267
1190 素 2084 128  
1191 斮 2086 128  
1192 䱜 2086 128  3556
1193 㴶 2100 128/129  
1194 㤩 2100 129  
1195 貜 2105 129  3562
1196 魠 2111 129  3573
1197 鮥 2112 129  3572
1198 鱳 2112 129  
1199 鰒 2115 129  
1200 曝 2115 129  
1201 𦢊 2115 129  3274
1202 貈 2115 129  
1203 貘 2118 130  
1204 嗼 2118 130  3571
1205 罩 2127 129  
1206 箌 2127 129  
1207 苩 2129 177  
1208 𡧪 2133 178  
1209 垞 2133 178  
1210 鵅 2139 177  3618
1211 菥 2147 177  3672
1212 㭊 2147 177  3672
1213 慽 2148 177  3690
1214 彳 2153 177  3669
1215 職 2154 177  3694
1216 䴬 2158 177  3712
1217 芅 2158 177  3712
1218 瀷 2158 177  3712
1219 潩 2158 177  3712
1220 㨽 2159 177/178  
1221 湢 2159 178  3714
1222 墼 2166 178  3673
1223 𧮭 2167 178  
1224 𣨶 2167 178  
1225 隟 2169 178  
1226 蠠 2170 178  
1227 𢊆 2174 178  
1228 蒚 2174 178  3675
1229 毄 2176 178  
1230 鰂 2194 178  
1231 雥 2199 186  
1232 槢 2201 186  3749
1233 謵 2201 186  
1234 鰼 2201 186  3749
1235 歰 2208 186  
1236 澁 2208 186  
1237 唈 2210 186  3766
1238 悈 2213 186  
1239 芨 2213 186  3759
1240 衱 2214 186  
1241 畣 2223 197  3778
1242 襍 2224 197  
1243 鞜 2226 197  
1244 邋 2227 197  3794
1245 𩹾 2228 197  
1246 妠 2228 197  3785
1247 禢 2229 197  
1248 搨 2229 197  3796
1249 遢 2229 197  3796
1250 鉀 2232 197  3859
1251 翜 2233 197  3860
1252 疀 2234 197  3848
1253 圔 2237 197  
1254 楪 2242 207  3809
1255 鯜 2245 207  3810
1256 掜 2249 207  
1257 篞 2249 207  
1258 沾 2252 207  
1259 緤 2253 207  
1260 裌 2254 207  
1261 鵊 2254 207  
1262 𧉧 2255 207  
1263 紶 2255 207  
1264 呿 2256 208  3864
