#卷 䈎碼 文本
1 1 廣韵上平聲
1 2
1 3
1 4 重刊廣韻序\n聲韻之學，盛于六代。周顒以天子聖哲分四聲，而學者言韻悉本沈約，顧其書終莫有傳者。今之《廣韻》源於陸法言《切韻》，而長孫納言爲之箋注者也。其後諸家各有增加，已非《廣韻》之舊，然分韻二百有六部未之紊焉。自平水，劉淵淳祐中始併爲一百七韻，於是合「殷」于「文」，合「隱」于「吻」，合「焮」于「問」，盡乖唐人之官韻。好異者，又惑于婆羅門書，取華嚴字母三十有六，顚倒倫次，審其音而紊其序。逮《洪武正韻》出，脣齒之不分，淸濁之莫辨，雖以天子之尊，行之不遠，則是非之心
1 5 人皆有之矣。曩，崑山顧處士炎武挍《廣韻》，力欲復古，刊之淮陰，苐仍明內庫鏤板，縁古本箋注多寡不齊，中㳙取而删之，略均其字數，頗失作者之旨。吳下張上舎士俊有憂之，訪諸琴川毛氏，得宋時鋟本，證以藏書家所傳抄，務合乎「景德祥符」，而後已抑何其用力之勤與。嗟夫，韻學之不講，久矣。近有嶺外妄男子，僞撰沈約之書，以眩于丗，信而不疑者有焉。幸而《廣韻》僅存，則天之未喪斯文也。吾故序之，俾海內之言，韻者必以是書爲準。康𤋮四十有三年六月，秀水朱彞尊書。\n重刊古本廣韻序\n吳門張氏刻古本廣韻成余亟稱其書之善謂古音之條理猶可攷見者獨賴此書之存文人學士宜家置一編而人或未喻有問余者曰韻爲詩設也詩人用韻樂寬而苦狹今丗俗通行之譜僅一百七韻此書乃分爲二百六韻得無繁碎而窘於押用乎荅曰韻本乎聲聲之自出有脣舌齒牙喉之異有輕重淸濁陰陽之殊其播爲音也有宫商角徵羽之辨昔人精於審音條分縷析如冬鍾必分爲二支脂之必分爲三删山先仙必分爲四豈好爲繁𤨏哉亦本其自
1 6 然之音使各得其所而已後丗讀字失其本音不曉分韻之故遂舉而併省之使古音之相近而不相侵者雜然混而爲一失莫甚焉賴有此書而最初立韻之部分犁然具在蓋自陸法言等數人斟酌古今南北勒成一書歷代增修雖有切韻唐韻廣韻之異名而部分無改唐宋用以取士謂之官韻與九經同頒無敢出入宋末元初始加改併名爲併其所通用實則非通而併且闌入他韻者多矣今學詩者必宗唐宋而用韻不從唐宋其可乎從此書所標之通用者韻固未甞狹也而無訛濫之失不亦善乎客曰部分則聞命矣書中收字太多不盡適於用且有一字而三四韻並收者於義何居曰此書之作不專爲韻也取〾說文字林玉篇所有之字而畢載之且增益其未備釐正其字體欲使學者一覽而聲音文字包舉無遺故〾說文字林玉篇之書不可以該音學而廣韻一書可以該六書之學其用宏矣若夫一字而具數音或有異義或無異義此即轉注假借之法屈宋以降迄唐名人率多用之自後丗删去複字而古人有韻之文多不可讀一披廣韻而其字具在非出韻也非叶韻也夫韻書之作非專爲詩非專爲近體也以爲
1 7 賦頌箴銘以爲長篇古體惟恐其字之易盡也而何嫌於繁乎曰本文之浩博可也小注則粗明字義可矣而何姓氏地理物類方言之旁羅曲載乎曰此正古人之善著書也其人旣博極古今而爲書之意欲舉天地民物之大悉入其中凡經史子志九流百家僻書隱籍無不摭采一公字也而載人姓名至千有餘言一楓字也而蚩尤桎梏化楓楓脂入地千年變虎魄之〾說無不備録不惟學者可以廣異聞資多識而丗本姓苑百家譜英賢傳續漢書魏略三輔決録等古書數十種不存於今者賴其徵引班班可見有功於載籍亦大矣而近代刻廣韻者盡删去之此古本之所以尤可貴也先師顧亭林深明音學憫學者泥今而昧古實始表章此書刻之淮上然其所見乃內府刊本已經删削者久而覺其書之不完作後序以志遺憾近歳耒始見宋鋟本於崑山徐相國家借録以歸張子士俊孜孜好古得舊刻於毛氏而缺其一帙余乃畀以冩本精加挍讎梓之行丗因以告客之語書于𥳑端若夫極論古今音之異同得失而折衷之以經則有先師之音學五書在學者究觀焉可也舊史氏松陵潘耒書
1 8 大宋重修廣韻一部\n凡二万六千一百九十四言\n注一十九万一千六百九十二字\n準，景德四年，十一月十五日。\n勅，四聲成文，六書垂法，乃經籍之資始，寔𥳑𠕋之攸先。自吳楚辨音，隷古分體，年祀寖逺，攻習多門，偏旁由是差譌，傳寫以之漏落，矧注解之未備，諒敎授之何從。爰命討論，特加刊正，仍令摹印，用廣頒行，期後學之無疑，俾永代而作則。宜令崇文院雕印，送國子監，依九經書例，施行。牒，至準。
1 9 勅故牒。\n又準，大中祥符元年，六月五日。\n勅，道有形器之適，物有象數之滋，一爻始畫於龍圖，八體遂生於鳥跡，書契是造文字，㪍興踵事，增華觸類，浸長沿賡，載以變本，尚辝律之諧音。集韻成書，抑亦久矣，朕聿遵。\n先志導揚素風，設敎崇文，懸科取士，考覈程準，兹實用焉。而舊本旣譌，學者多誤必，豕魚之盡革，乃朱紫以洞分。爰擇儒臣，叶宣精力，校讎增損，質正刊修，綜其綱條，灼然敘列，俾之摹刻，垂于將來。仍特換於新名，庶永昭於成績。宜改爲《大宋重修廣韻》。牒，至準。\n勅故牒。\n陸法言撰本，長孫訥言箋注。\n儀同三司劉臻，外史顔之推，\n著作郎魏淵，武陽太守盧思道，\n散騎常侍李若，國子博士蕭該，\n蜀王諮議參軍辛德源，\n吏部侍郎薛道衡，已上八人同撰集。\n郭知𤣥拾遺緒正，更以朱箋三百。\n關亮增加字，薛峋增加字，
1 10 王仁煦增加字，祝尚丘增加字，\n孫愐增加字，嚴寶文增加字，\n裴務齊增加字，陳道固增加字。\n更有諸家增字及義理釋訓，悉纂略備載卷中。勒成一部進上。\n勅賜絹五百疋。\n昔開皇初，有儀同劉臻等八人，同詣法言門宿。夜永酒闌，論及音韻，以今聲調，旣自有别，諸家取捨，亦復不同。吳楚則時傷輕淺，燕趙則多傷重濁，秦隴則去聲爲入，梁益則平聲似去。又支「章移切」、脂「旨夷切」、魚「語居切」、虞「遇俱切」，共爲一韻，先「蘇前切」、仙「相然切」、尤「于求切」、侯「胡溝切」俱論是切。欲廣文路，自可淸濁皆通；若賞知音，即須輕重有異。吕靜《韻集》，夏侯該《韻略》，陽休之《韻略》，周思言《音韻》，李季節《音譜》，杜臺卿《韻略》等，各有乖互。江東取韻，與河北復殊。因論南北是非，古今通塞，欲更捃選精切，除削䟽緩，蕭、顔多所決定。魏著作謂法言曰：「向來論難，疑處悉盡，何不隨口記之？我輩數人，定則定矣。」法言即燭下握筆，略記綱紀，博問英辯，殆得精華。於是更涉餘學，兼從薄宦，十數年閒，不遑修集。今返初服，私訓諸弟子：凡有文藻，即須明聲韻。屏居山野，
1 11 交游阻絕，疑惑之所，質問無從，亡者則生死路殊，空懷可作之歎，存者則貴賤禮隔，以報絕交之旨。遂取諸家音韻，古今字書，以前所記者定之，爲《切韻》五卷。剖析豪氂，分别黍累。何煩泣玉，未得縣金。藏之名山，昔怪馬遷之言大，持以蓋醬，今歎楊雄之口吃。非是小子專輒，乃述羣賢遺意。寧敢施行人丗，直欲不出戸庭。于時歳次辛酉，大隋仁壽元年。\n訥言曰：此製酌古沿今，無以加也。然古傳之已久，多失本源。差之一畫，詎惟千里。見「炙」從「肉」，莫究厥由。輒意形聲，固當從「夕」，及其晤矣。彼乃乖斯，若靡馮焉。他皆倣此。頃，佩經之隙，沐雨之餘，楷其紕繆，疇兹得失，銀鉤創閲，晉豕成羣，盪櫛行披，魯魚盈貫，遂徵金篆，遐泝石渠，略題㑹意之辝，仍記所由之典，亦有一文兩體，不復備陳，數字同歸，惟其擇善，勿謂有增有減，便慮不同，一㸃一畫，咸資别據，其有類雜，竝爲訓解，傳之不謬，庶埓箋云。于時，歳次丁丑，大唐儀鳳二年。\n前費州多田縣丞，郭知𤣥，拾遺緒正，更以朱箋三百字。其新加無反音，皆同上音也。\n陳州司法孫愐唐韻序。\n蓋聞，文字聿興，音韻乃作。《蒼頡》、《爾䪵》爲首，詩頌次之。
1 12 則有《字統》、《字林》、《韻集》、《韻略》，述作頗衆，得失互分，惟陸生《切韻》盛行於丗。然隨珠尚纇，虹玉仍瑕，注有差錯，文復漏誤。若無刊正，何以討論？我國家，偃武修文，大崇儒術，置集賢之院，召才學之流，自開闢以來，未有如今日之盛。上行下效，比屋可封，輒罄謏聞，敢補遺闕，兼習諸書，具爲訓解。州縣名号，亦據今時，字體從「木」從「才」，著「彳」著「亻」，施「殳」施「攴」，安「尒」安「禾」，並悉具言，庶無紕繆。其有異聞，奇怪傳說，姓氏原由，土地物産，山河草木，鳥獸蟲魚，備載其閒，皆引馮據。隋韻編紀，添彼數家，勒成一書名曰《唐韻》，蓋取周易、周禮之義也。及案，三蒼、《爾雅》、《字統》、《字林》、《說文》、《玉篇》、《石經》、《聲韻》、《聲譜》、九經、諸子、《史》、《漢》、《三國志》，晉、宋、後魏、周、隋、陳、宋、兩齊、書，《本草》、《姓苑》、《風俗通》、《古今注》、賈執姓氏、英賢傳、王僧孺《百家譜》、《周何潔集》、《文選》諸集、《孝子傳》、《輿地志》，及武德已來創置，迄開元三十年，並列注中。等夫輿誦，流汗交集，愧以上陳天心。又有元青子、吉成子者，則汝陽侯榮之曾孫，卓尒好古，博通内外，遁禄巖嶺，吐納自然，抗志鈐鍵，棲神梵宇，淡泊無事，希夷絕塵，倏忽風雲，靈燄怡懌，考窮史籍，廣覽羣書，欲令淸濁昭然。學之上，有終日而忘食，有連宵而不寐。案，《搜神記》、《精怪
1 13 圖》、《山海經》、《博物志》、《四夷傳》、《大荒經》、《南越志》、《西域記》、《西壑傳》、《漢纂藥論》、《證俗方言》、《御覽》、《字府》，及九經、三史、諸子中遺漏要字，訓義解釋多有不載，必具言之。子細研窮究其巢穴，澄凝微思，鄭重詳思，輕重斯分，不令慁糅，緘之金篋，珍之寶之而已哉。寧辝阻險，敢不躬談，一訴愚心，克諧雅況，依次編記而不别番，其一字數訓，則執優而尸之，劣而副之，其有或假，不失元本。以四聲尋譯，冀覽者去疑，宿滯者害如也。又紐其脣、齒、喉、舌、牙，部仵而次之，有可紐不可行之，及古體有依約之，並采以爲證。庶無壅而昭其馮，起終五年，精成一部。前後緫加，四萬二千三百八十三言。仍篆隷石經，勒存正體，幸不譏繁。于時，歳次辛卯，天寶十載也。\n論曰，《切韻》者，本乎四聲，紐以雙聲、疊韻。欲使文章麗，則韻調精明於古人耳。或人不達文性，便格於五音爲足。夫五音者，五行之響，八音之和，四聲閒迭，在其中矣。必以五音爲定，則參宫參羽，半徵半商，引字調音，各自有淸濁。若細分其條目，則令韻系繁碎，徒拘桎於文辝耳。
1 14 廣韻上平聲卷第一\n「德紅」東第一（獨用），「都宗」冬第二（鍾同用）\n「職容」鍾第三，「古爽」江第四（獨用）\n「章移」支第五（脂之同用），「旨夷」脂第六\n「止而」之第七，「無非」微第八（獨用）\n「語居」魚第九（獨用），「遇俱」虞第十（模同用）\n「莫胡」模第十一，「徂奚」齊第十二（獨用）\n「古膎」佳第十三（皆同用），「古諧」皆第十四\n「呼恢」灰第十五（咍同用），「呼來」咍第十六\n「職鄰」眞第十七（諄臻同用），「之純」諄第十八
1 15 「側侁」臻第十九，「武分」文第二十（欣同用）\n「許巾」欣第二十一，「語袁」元第二十二（魂痕同用）\n「戸昆」魂第二十三，「戸恩」痕第二十四\n「胡安」寒第二十五（桓同用），「乎官」桓第二十六\n「所姦」刪第二十七（山同用），「所閒」山第二十八
1 16
1 17
1 18
1 19
1 20
1 21
1 22
1 23
1 24
1 25
1 26
1 27
1 28
1 29
1 30
1 31
1 32
1 33
1 34
1 35
1 36
1 37
1 38
1 39
1 40
1 41
1 42
1 43
1 44
1 45
1 46
1 47
1 48
1 49
1 50
1 51
1 52
1 53
1 54
1 55
1 56
1 57
1 58
1 59
1 60
1 61
1 62
1 63
1 64
1 65
1 66
1 67
1 68
1 69
1 70
1 71
1 72
2 1 廣韵下平聲
2 2
2 3 廣韻下平聲卷第二\n「蘇前」先第一（仙同用），「相然」仙第二\n「蘇彫」蕭第三（宵同用），「相焦」宵第四\n「胡茅」肴第五（獨用），「胡刀」豪第六（獨用）\n（古俄）歌第七（戈同用），「古和」戈第八\n「莫霞」麻第九（獨用），「與章」陽第十（唐同用）\n「徒郎」唐第十一，「古行」庚第十二（耕清同用）\n「古莖」耕第十三，「七情」清第十四\n「倉經」青第十五（獨用），「煑仍」蒸第十六（登同用）\n「都滕」登第十七，「羽求」尤第十八（侯幽同用）
2 4 「胡鉤」侯第十九，「於虯」有第二十\n\「七林」侵第二十一（獨用），「徒含」覃第二十二（談同用）\n「徒甘」談第二十三，「余廉」鹽第二十四（添同用）\n「他兼」添第二十五，「胡讒」咸第二十六（銜同用）\n「戸監」銜第二十七，「語𩏩」嚴第二十八（凡同用）\n「符咸」凡第二十九
2 5
2 6
2 7
2 8
2 9
2 10
2 11
2 12
2 13
2 14
2 15
2 16
2 17
2 18
2 19
2 20
2 21
2 22
2 23
2 24
2 25
2 26
2 27
2 28
2 29
2 30
2 31
2 32
2 33
2 34
2 35
2 36
2 37
2 38
2 39
2 40
2 41
2 42
2 43
2 44
2 45
2 46
2 47
2 48
2 49
2 50
2 51
2 52
2 53
2 54
2 55
2 56
3 1 廣韵上聲
3 2
3 3 「多動」董第一（獨用），「之隴」腫第二（獨用）\n「古項」講第三（獨用），「諸氏」紙第四（旨止同用）\n「職雉」旨第五，「諸市」止第六\n「無匪」尾第七（獨用），「魚舉」語第八（獨用）\m「虞矩」麌第九（姥同用），「莫補」姥第十\n「徂禮」薺第十一（獨用），「鞋買」蟹第十二（駭同用）\n「諧楷」駭第十三，「呼猥」賄第十四（海同用）\n「胡改」海第十五，「之忍」軫第十六（準同用）\n「之尹」準第十七，「武粉」吻第十八（隱同用）
3 4 「於謹」隱第十九，「虞遠」阮第二十（混很同用）\n「胡本」混第二十一，「乎墾」很第二十二\n「河滿」旱第二十三（緩同用），「胡管」緩第二十四\n「山板」潸第二十五（產同用），「所簡」產第二十六\n「先典」銑第二十七（獮同用），「息淺」獮第二十八\n「蘇鳥」篠第二十九（小同用），「私兆」小第三十\n「苦絞」巧第三十一（獨用），「乎老」皓第三十二（獨用）\n「古我」哿第三十三（果同用），「古火」果第三十四\n「莫下」馬第三十五（獨用），「余兩」養第三十六（蕩同用）\n「徒郎」蕩第三十七，「古杏」梗第三十八（耿靜同用）\n\n\n\n
3 5
3 6
3 7
3 8
3 9
3 10
3 11
3 12
3 13
3 14
3 15
3 16
3 17
3 18
3 19
3 20
3 21
3 22
3 23
3 24
3 25
3 26
3 27
3 28
3 29
3 30
3 31
3 32
3 33
3 34
3 35
3 36
3 37
3 38
3 39
3 40
3 41
3 42
3 43
3 44
3 45
3 46
3 47
3 48
3 49
3 50
3 51
3 52
3 53
3 54
3 55
3 56
3 57
3 58
4 1 廣韵去聲
4 2
4 3
4 4
4 5
4 6
4 7
4 8
4 9
4 10
4 11
4 12
4 13
4 14
4 15
4 16
4 17
4 18
4 19
4 20
4 21
4 22
4 23
4 24
4 25
4 26
4 27
4 28
4 29
4 30
4 31
4 32
4 33
4 34
4 35
4 36
4 37
4 38
4 39
4 40
4 41
4 42
4 43
4 44
4 45
4 46
4 47
4 48
4 49
4 50
4 51
4 52
4 53
4 54
4 55
4 56
4 57
4 58
4 59
4 60
5 1 廣韵入聲
5 2
5 3
5 4
5 5
5 6
5 7
5 8
5 9
5 10
5 11
5 12
5 13
5 14
5 15
5 16
5 17
5 18
5 19
5 20
5 21
5 22
5 23
5 24
5 25
5 26
5 27
5 28
5 29
5 30
5 31
5 32
5 33
5 34
5 35
5 36
5 37
5 38
5 39
5 40
5 41
5 42
5 43
5 44
5 45
5 46
5 47
5 48
5 49
5 50
5 51
5 52
5 53
5 54
5 55
5 56
5 57
5 58
5 59
